5
6
13
21
26
35
41
49
55
59
64
67
72
73
75
81
89
98
98
99
102
105
113
119
120
123
131
132
139
139
144
153
159
164
170
177
181
181
187
188
192
200
204
206
210
217
217
221
230
230
238
241
244
247
252
253
256
262
271
274
278
287
292
295
296
303
305
309
312
314
315
315
319
322
324
331
334
334
342
347
354
359
360
364
368
375
383
384
393
395
403
411
420
421
426
430
432
440
449
455
463
466
469
476
482
483
484
490
491
493
502
508
516
525
525
527
534
542
545
547
548
553
553
559
559
565
567
572
581
581
586
586
586
589
591
591
594
594
597
604
613
614
623
626
630
637
646
647
654
656
664
665
665
670
677
683
691
699
706
710
710
716
725
729
732
738
741
747
747
756
760
763
771
778
784
784
789
795
797
802
807
813
813
813
820
820
825
834
837
838
840
847
855
862
864
873
879
884
892
895
902
904
912
916
921
928
931
937
940
942
948
956
962
971
977
977
985
988
995
998
1007
1007
1008
1011
1018
1026
1029
1037
1037
1045
1049
1054
1057
1064
1065
1065
1071
1080
1089
1092
1094
1094
1098
1104
1105
1108
1112
1117
1121
1127
1133
1134
1135
1140
1145
1153
1159
1167
1173
1174
1174
1175
1178
1183
1187
1193
1201
1207
1211
1220
1222
1225
1226
1229
1230
1237
1244
1246
1246
1249
1258
1266
1273
1279
1288
1292
1294
1302
1305
1310
1315
1318
1325
1325
1326
1335
1344
1346
1351
1352
1361
1364
1368
1372
1379
1379
1382
1385
1387
1394
1396
1398
1404
1410
1412
1418
1421
1426
1430
1438
1440
1448
1452
1457
1465
1469
1474
1482
1484
1489
1490
1496
1500
1503
1503
1508
1508
1508
1510
1516
1525
1532
1537
1537
1540
1545
1550
1552
1559
1563
1571
1579
1579
1580
1581
1582
1584
1591
1593
1601
1605
1609
1616
1616
1625
1633
1638
1640
1649
1655
1662
1666
1666
1666
1670
1672
1673
1677
1681
1684
1689
1693
1694
1700
1707
1709
1711
1717
1719
1726
1728
1729
1736
1738
1745
1754
1757
1757
1757
1758
1766
1769
1770
1775
1782
1791
1794
1800
1802
1803
1811
1818
1820
1821
1826
1835
1837
1846
1854
1861
1866
1866
1871
1879
1884
1884
1888
1893
1901
1901
1909
1918
1921
1924
1932
1938
1939
1947
1947
1954
1962
1963
1964
1973
1973
1982
1984
1993
2002
2006
2009
2009
2011
2019
2019
2020
2028
2030
2031
2034
2036
2043
2051
2051
2054
2057
2058
2059
2065
2071
2073
2082
2087
2092
2093
2095
2098
2104
2111
2117
2126
2134
2136
2136
2140
2144
2149
2153
2157
2166
2168
2176
2180
2186
2190
2190
2190
2194
2196
2204
2212
2215
2217
2225
2228
2234
2238
2240
2246
2248
2248
2256
2256
2257
2265
2267
2274
2281
2281
2290
2297
2298
2305
2310
2318
2324
2326
2334
2335
2335
2342
2346
2354
2354
2356
2357
2361
2370
2377
2379
2379
2380
2385
2393
2401
2405
2414
2421
2425
2426
2426
2430
2435
2435
2436
2445
2453
2460
2462
2470
2474
2480
2482
2488
2495
2499
2503
2509
2511
2517
2517
2518
2520
2528
2531
2537
2542
2546
2548
2552
2555
2556
2558
2560
2562
2568
2577
2585
2588
2590
2598
2602
2607
2609
2614
2621
2621
2622
2624
2631
2634
2636
2638
2642
2644
2649
2658
2664
2667
2668
2675
2676
2681
2686
2688
2688
2688
2689
2694
2697
2703
2708
2714
2719
2727
2729
2731
2740
2748
2757
2766
2768
2770
2774
2777
2778
2783
2785
2786
2789
2791
2799
2799
2801
2803
2805
2813
2816
2818
2826
2827
2834
2839
2843
2849
2856
2865
2873
2881
2888
2888
2893
2901
2903
2910
2911
2919
2926
2932
2937
2946
2951
2957
2964
2971
2979
2982
2986
2986
2991
2993
3002
3006
3014
3018
3018
3019
3021
3029
3031
3033
3037
3038
3041
3042
3043
3044
3052
3058
3063
3063
3063
3063
3064
3071
3074
3076
3078
3086
3090
3097
3105
3114
3119
3124
3125
3133
3139
3142
3151
3156
3165
3170
3172
3179
3180
3184
3187
3187
3194
3201
3206
3209
3217
3225
3232
3233
3241
3250
3259
3264
3269
3271
3279
3288
3293
3294
3303
3310
3316
3324
3326
3331
3332
3339
3339
3342
3349
3349
3352
3359
3368
3372
3374
3383
3390
3398
3403
3404
3406
3407
3411
3420
3424
3431
3434
3441
3447
3453
3459
3464
3473
3482
3485
3491
3496
3500
3505
3510
3515
3523
3530
3534
3541
3550
3554
3559
3566
3575
3584
3588
3594
3597
3604
3612
3616
3617
3622
3629
3637
3639
3640
3643
3648
3653
3656
3661
3669
3678
3681
3687
3694
3694
3703
3711
3711
3711
3717
3725
3727
3733
3740
3746
3750
3754
3758
3764
3765
3767
3771
3777
3779
3779
3784
3787
3788
3796
3798
3802
3807
3811
3816
3816
3825
3825
3827
3831
3834
3836
3845
3852
3860
3866
3870
3874
3874
3880
3884
3889
3891
3899
3902
3903
3907
3908
3916
3916
3917
3917
3925
3933
3942
3950
3954
3954
3960
3960
3966
3972
3978
3986
3992
3999
4001
4005
4007
4011
4014
4015
4019
4024
4025
4029
4033
4035
4041
4045
4052
4056
4056
4063
4064
4073
4075
4081
4083
4087
4089
4094
4099
4108
4112
4119
4125
4128
4134
4137
4137
4142
4150
4154
4157
4160
4164
4168
4177
4182
4186
4193
4198
4202
4205
4213
4220
4220
4223
4229
4233
4236
4237
4245
4253
4253
4258
4265
4274
4282
4282
4284
4284
4289
4290
4293
4293
4298
4303
4312
4313
4313
4314
4320
4328
4328
4334
4334
4339
4347
4352
4359
4366
4371
4377
4380
4381
4384
4391
4391
4395
4403
4409
4411
4415
4422
4426
4435
4436
4445
4445
4450
4452
