6207
1632
2883
8339
3523
5213
5413
2393
9213
6589
4324
28
3118
4380
3483
3039
2044
3780
2038
6733
3177
4208
3678
3359
7439
844
325
3933
9237
888
9296
65
7040
2987
9884
4727
4072
4644
1822
8576
1621
6604
4715
4230
9431
6664
4177
7546
2255
7050
2512
1673
9710
422
1753
4669
391
1154
5649
3632
979
6215
657
5787
4434
6101
5486
2620
3177
1906
9776
2934
3564
7955
9937
3474
8984
4547
4180
2996
6253
512
1983
3192
7431
2213
2054
6043
505
6722
3637
5014
4901
2008
1706
933
393
2832
3677
3895
3657
8331
4605
4925
6132
2372
9945
5125
7846
1154
8279
2192
1803
6938
2308
3727
219
4017
8777
6269
3654
9710
3510
8470
4748
5582
942
6773
8345
9745
9982
9450
8140
9746
7371
251
4051
6421
9911
529
6021
6872
9520
2755
3579
8603
3653
4225
4492
1196
9590
1447
6211
7660
1367
1473
3839
8205
2544
6349
8951
3677
692
9883
2504
652
9100
6370
6700
5688
9104
1788
8137
9354
5297
3218
51
1641
4694
6754
7983
4637
4256
7692
9365
6958
8812
1372
7888
8715
7253
3602
1686
8566
6740
1710
8063
220
4725
9606
7604
4755
871
5882
2181
1612
8543
3326
3398
807
7433
3574
3703
4422
1037
801
1055
2186
8746
9148
1396
6137
194
3015
4026
7265
3217
8517
134
4519
170
1069
6093
424
8128
7293
4461
8273
7583
2270
7000
1081
2229
5570
7545
7131
9168
6586
2757
1266
3236
8932
8463
8686
5577
2818
55
7443
2463
7542
8176
6096
79
9561
140
733
6176
7051
7079
5469
259
1236
1501
8739
6347
3625
137
6689
6284
1003
7531
2028
1391
1337
676
5403
1999
8709
6545
574
6451
2116
418
1676
7880
8847
2310
8980
202
9447
8101
645
5792
245
6553
1961
977
4639
4090
7068
3814
8119
1973
7403
8238
5118
9432
8775
5432
1013
5884
8680
8272
484
9120
734
5417
4611
7694
7315
9171
5989
6956
7885
9962
3781
8305
95
2715
9673
225
3135
963
7875
7543
9074
5493
9127
7215
5395
1992
3430
5533
627
1035
3192
6797
2187
4102
8473
1448
621
1694
7978
6991
2216
8020
8936
9175
5033
8908
4026
2706
4175
2069
8163
6870
8135
6985
8008
7772
6662
2050
1436
1495
1461
3159
502
8494
1142
3874
7108
7368
85
4640
6313
9731
1194
2820
3297
5009
7723
5720
3094
6672
5551
6209
2923
9300
3245
3261
9941
3492
354
1292
7818
5741
9537
8376
1889
4887
1876
9907
4905
7826
9777
1836
8982
7116
3705
2429
3462
1810
442
3572
6385
8688
4931
3819
3743
7783
3911
8966
9203
2618
6699
5945
565
9413
9514
243
3118
9803
5465
9947
4428
6635
8308
6582
1317
2733
6982
9314
4233
1742
424
8131
4736
4966
9361
7447
2882
6066
9515
343
8757
3539
5334
6716
4241
8083
9382
9596
560
3983
5400
3056
5697
8677
802
6835
4747
219
1671
3609
1151
4121
4922
2329
8390
517
6890
3865
7097
1561
7100
9156
5088
8099
4983
4203
1954
7385
4280
1109
507
6774
1509
5204
827
3414
6895
2438
7499
5930
7936
644
5595
2024
9252
1099
5447
3634
7173
6916
2888
5009
318
6738
1174
5630
5793
6648
4331
6252
9891
1732
9379
4198
7397
44
5472
8801
1742
7732
3674
8909
420
5272
4035
7533
8154
9964
4952
6449
9443
7950
5251
5804
4437
805
4413
2359
1688
7288
9218
8625
9805
237
9741
1297
9708
188
9266
9898
7525
8096
8986
1481
8856
8698
3497
3550
8385
1761
1163
7301
2171
634
1501
9536
7093
8751
2809
6003
1729
527
9193
3579
3385
4867
3692
8971
9149
3528
6854
4373
6327
3630
161
1602
1168
3852
1314
5998
4491
6269
3415
2019
4558
8891
8604
3072
4034
1014
1388
4917
6080
2161
4404
7710
5851
3050
6532
8746
7932
9252
3199
4454
5144
7587
6530
6907
6687
3283
2721
833
5949
7157
9853
5934
5251
1798
7458
9024
4512
3614
2428
9730
9096
1138
3225
6878
9687
3799
7802
1199
6143
1604
2307
5778
4156
5842
3522
4857
9289
2067
8268
3211
1948
9947
5011
6700
188
2672
9619
6948
1411
8058
7788
5758
7966
902
4570
1839
6497
6637
7184
6801
9111
1580
2932
9980
9015
9920
1875
2000
4163
1215
8261
6048
5770
950
2075
5134
4829
9579
1109
272
3855
430
2224
8972
5765
1329
4397
2422
2893
9696
6844
5810
8314
8943
7703
5943
6269
8480
4283
4739
848
2589
3249
9797
4941
6263
4524
9579
3771
6396
2298
8072
7384
543
5165
2625
8178
2951
3860
4773
1423
6917
9570
4359
5036
3251
2880
7625
9282
9654
3166
2871
7205
9840
1540
8909
4615
4581
8807
37
3914
1639
5704
8113
2
7568
3590
6609
7464
8123
6243
7970
2699
7248
5108
6772
8496
6954
3282
4997
4459
4423
9518
3679
9782
2491
178
6811
6862
4529
866
5953
5709
4320
1745
1086
1457
8437
4191
5584
908
7315
3664
9104
5397
3891
3256
7708
9451
1978
7043
1568
6202
6502
7489
6096
9446
6180
9182
2037
4820
8513
3824
1890
9976
3802
8761
4226
3801
6371
5693
8081
6513
2209
1725
3267
7457
1781
7025
548
961
5797
9989
7724
7716
4904
8138
14
6250
1437
2893
2047
8287
3928
3973
366
8208
4923
7350
7076
6942
5822
9634
9784
6012
1226
3823
8367
8675
4279
4196
8431
9220
4512
797
5375
8525
3136
6222
2829
501
5931
6467
3611
2417
7099
646
6486
6553
4406
1658
9445
2773
1192
5781
7787
2288
4690
2586
4840
975
6351
3668
6818
2507
3663
3070
9100
4313
5538
1695
6672
7531
5250
7588
9950
8672
4717
3558
6785
8822
3358
9594
4106
5232
3735
7879
908
6818
5934
4610
2899
73
5889
197
593
6408
5094
7246
3191
2669
7555
2227
2876
561
8902
5220
7261
6175
9763
2153
4449
7644
5785
3642
2632
5300
3167
6749
1807
6246
288
6794
83
9285
1631
9211
1872
4591
1561
2127
