Total amount of numbers: 1216
Total number of non-palindromes: 1197

Non-palindromes
-----------
553527695
126963862
364930927
61776925
615924436
831008976
546110389
870473869
718720725
870719253
727219822
170970615
385255991
218301339
667877393
49391127
320017390
144214727
321368412
846182382
86984593
142790705
61653648
565034608
62588194
692244239
400568668
523974204
425069700
36149171
614339169
969320589
283121188
413838261
532466983
58681325
167215748
547924308
678511810
496167221
578814149
888643417
457204330
439143305
115059683
31076709
671822948
885677897
361210667
640115952
823491214
995460518
963208923
162179344
972982638
502792859
107535662
927086031
653825379
254460216
699579211
757763533
327704341
885595761
732796077
46190839
184619192
254813483
65799595
584964112
297704828
137294644
3477451
870552712
214103640
401851187
712825719
34927715
850659287
238402319
140522346
574929674
661457184
266501066
311856371
957749800
235280201
802148237
559510530
76911666
968415261
979235738
726905053
892796873
318176524
682217227
689793750
231587440
221329856
446986095
424287320
649651401
96451538
902596847
16562715
558696515
682777504
83381585
321062806
564588112
117577893
150958483
943151949
377677280
326918846
637832048
379488977
976681750
619695988
295298151
383719275
639203590
912503007
915714379
357720053
80144261
841913363
485705575
148750874
283605029
180004795
634723991
791216093
501567077
932729254
446988717
845828090
17975323
444733351
879161469
7178780
220668403
328118983
207647826
168922760
719850159
248930849
804372800
768800012
447914505
80045856
662793453
363494942
404886800
267194919
424782375
168422530
766938160
63491936
117559955
356482881
52833097
492283337
674853205
247077392
764880748
482988390
8782424
200488913
572105265
420480661
956891194
830660914
841429688
665541758
606362839
466242420
639682618
836446376
970466929
899389766
957321129
111757177
699555279
535314094
593019126
716430588
633645003
60544941
580641485
703689088
859819403
15701154
422878400
977907249
943310383
536483542
192866249
413846939
347137460
597643344
132457328
580881688
211548295
47374383
931930169
274942521
597839493
346255462
106634690
20586595
881790965
109185607
536997606
346480918
688667590
9634918
129318979
540650921
979911608
199786163
448374336
441114870
197796562
589578127
439302400
939287700
557935933
749236178
953460208
735746922
286785671
271426650
12277419
379989050
219749326
158875914
67533580
884803868
241862490
406135235
288362281
287718843
636334455
89957833
47923564
217196980
630993800
652580223
115648758
486197505
353549155
376195598
808349718
372275807
486804613
814198152
168574555
496321548
200968486
799738266
234258971
930040760
747225676
139445347
820016859
898810932
924321167
627424413
768124514
554156694
781227276
177935651
359108034
983046416
258187912
830516864
270694537
810000553
101357867
794259802
386358439
328668943
910687659
915912867
114325324
677464209
332150679
321048258
980004206
261090626
751562435
869572587
433918252
71404242
898072655
286747521
881687467
75029770
797690324
487603264
643007470
350009740
171896788
286919413
173612505
112916750
686878426
220787859
670282946
890036271
294284644
650203473
361928150
514547254
265518906
656386327
92550245
618820994
292784632
249991344
488116960
140259993
887961437
616932881
829089715
29403320
463079293
980525547
376204716
840008235
971425301
927571031
792837843
218112352
11368089
122601238
521381000
586969083
142066905
709693939
525972279
456230150
583620175
232760645
673516473
410653254
675037703
457519249
425701032
442676011
963781452
6830371
658807770
390638122
869515197
759654068
41657989
555139585
535440256
405966426
230925110
279590185
464298900
547719316
953315261
224344189
904936869
171950712
875040712
697341668
525417413
22185555
182296957
298398299
42343874
957433401
363267176
799616931
901479195
899939194
454603516
199466488
548249248
971712712
461986043
237138853
886987266
379623735
908761314
454439634
151852803
452421540
848500970
669986517
987218488
649603367
904156742
897315983
887547105
921335735
228094254
721252878
727907921
442685821
326500579
68455479
682408207
103387889
188255916
267860795
689011551
32390040
844181099
32832041
673624169
53800666
714646430
110017033
714698600
744113047
692900146
550732653
124411306
390079591
754847487
517009143
296315007
49544899
928927320
600979090
982573765
561699389
230822159
976695730
677270852
307305138
329348304
656793904
717569607
439042833
826835351
745138750
429899843
834496185
956089000
621440910
77847917
47568749
84066980
247098541
172297590
964514345
38222734
649981190
112570469
450218394
458570849
942249367
479367135
760651742
917911222
666045812
463613633
481575523
669311492
60478160
233691291
838167977
142073671
405489911
336660361
96496002
796214114
788145558
514859585
214433835
194334231
609111939
861207418
759247541
260977295
945088832
486133147
235616778
561648534
781937457
349152492
588310478
5370236
833085231
244225189
93467289
989647801
174686890
855931937
147697346
713010553
423891229
487828070
615668696
225532271
238349931
512623965
861312378
850583484
214665535
278196113
419265498
495874317
113844486
381362857
581343149
725462690
881576503
93118850
44127548
780217594
717206708
709213161
232293016
942420765
602416200
248775154
729887979
133476998
822230352
307588344
746023145
973350314
829609521
495835236
924619049
35127962
520354028
314435839
518021008
215393738
747942506
810967546
223763913
936759407
832872791
456130349
441962528
434404745
373193443
723439376
782209522
587831570
659184513
442693111
646984692
38625664
354310972
434280027
390824733
255519078
481621937
856348242
472485425
673805626
400588717
407306273
198559723
555250481
962671715
259178472
234624455
527067975
180457034
720255099
676540265
40024411
104569233
166924625
8629933
767847798
278126656
420055446
62220364
384867372
925740525
42943067
988099367
314822939
411272983
608231917
455897140
231082385
990886946
259818051
390299906
82520394
693865455
894020753
31351530
635693398
978209273
457773780
513008409
295364449
851193196
642945581
586003039
44077886
545476066
95102893
41109329
922634812
954450469
276719742
836874890
219937835
773608318
961658902
304534183
660596349
586653811
596283422
460764159
281032208
308270218
459774987
456040760
670972761
722583596
116482652
465651447
526871852
865890469
165564270
885720751
848318506
780935240
452356607
628359835
805233863
463401647
713924806
75154934
859666208
948233866
645332807
499362420
343815948
477864143
862609803
701400750
201207985
414948218
531922123
875269087
507303701
869091228
721802348
953115863
567874948
491332260
768616258
714702670
938470875
145081450
692475570
703459730
686646746
444727355
264134084
814907142
265035385
491609519
895845187
567107428
831519605
664152617
325481941
10387870
998122874
762661385
518953961
99671734
380979244
474485281
713814847
621159767
717958266
710644197
428001991
625094540
475952761
22812574
170379414
981588207
660699885
264381074
183652777
665663631
255897859
981905178
773142766
848401817
328251569
356384865
692223868
17580195
423184699
394262971
45969892
168352150
355805649
621497247
952853663
351920181
968872003
746033062
426223438
612462651
652264915
77191457
320895611
393321866
101204045
44974903
398712981
569032191
531093756
741291780
372689079
296055376
622471566
352468649
818206698
760480142
550163156
395712637
415784818
841931427
420649238
158386528
408258043
806461969
626690096
197429698
46195008
414404751
656591445
900749117
854384545
995456888
617815686
494214116
812056442
302509137
413664089
362010731
92622827
900311974
698049654
387725357
20077269
354073618
292116763
704634709
667773640
568402043
123114264
295351946
528611346
692604722
595331041
911220049
530939928
197374672
303824548
838039459
312041359
223678495
889459947
873612986
57748455
11355885
250734548
695462451
973145782
384998481
619268263
502020583
736898047
374349966
542643749
230187374
738096155
869453249
573550604
143255164
826151114
965182648
115951831
324406517
205131477
672042214
520175092
729291419
922895252
275329069
586531114
436233659
982692869
109076898
647964670
358697735
387844576
130717865
33877909
829622188
469878648
7061491
238162083
51188041
792704039
497373756
442091586
518445610
215455955
975727534
917380242
687430867
62253232
594167875
439575914
441780533
399010617
691888564
486713649
670832021
355739149
998718413
55265427
299089860
793822362
321855322
37594144
717539197
344074410
100328
644613294
922030237
331145531
605965863
781245905
175762516
832194563
433539970
790477477
226784711
709097053
359767109
510813947
771163734
411100559
80607806
770766065
32634927
158373620
996700831
839545900
163034621
485464778
940707835
533384126
922064282
470113902
57840493
692703923
193326144
408448474
622585390
347765872
764402326
978411595
74526592
619839763
957752513
931141756
833751029
183381783
364173939
672616620
169373767
965184570
543027457
8018040
401135874
604252349
226522918
125052833
96264712
560524656
526712187
680868408
972440931
885408122
316618081
783415090
855039110
529927841
324732304
91289783
121837726
910912837
68555224
276796966
192404530
492867754
142989837
371283393
878070556
692903029
446244239
619879016
625136165
989304626
746019188
141957502
281109564
381211666
960140629
738892520
929435987
188979122
94070962
252607284
631711447
506280982
654102274
321186262
545206218
251763124
779429980
58363277
907688062
27664813
311382715
518504943
12002071
84196337
877551316
96371390
115328885
478887979
927708550
21847494
164217117
698246967
103080029
846651838
89030090
795432245
992938537
868284041
300781297
484958982
489963676
902299339
239579159
187334055
85518861
706149421
464035630
566447858
501270132
25525519
501854431
708086210
668798681
88671097
891729998
704615387
572604272
653493877
710829617
514594245
559872337
533306622
492005767
959458041
25309163
613495837
145483257
722987502
215833426
311254918
619815902
819199116
375901840
420502586
921742805
815804976
329291704
598200105
870385214
231427319
496126296
101695701
51076679
328521131
379971681
569403976
105045626
241907502
286620994
377683184
253742196
843877680
679352152
579727983
514174661
801046533
637642588
918702012
332221034
522406802
892796524
314698854
506276836
504211296
350228404
917940729
263166452
530663378
605081785
79162233
546201078
707625075
618907202
548296459
786878423
846632419
747661748
49444277
346248199
865249319
511481144
89490193
860908158
24001881
528172068
80637363
398167730
845078255
696285160
775864859
152378411
667721620
441695516
835887519
836832546
342925795
462243878
400175804
545572695
43869805
889381247
609464915
277300459
797249430
199815775
26013934
939068332
405830389
177777107
700559496
491959118
530250540
706957620
584170095
274875517
301242885
554196059
194062202
937525613
442060781
933673471
816502416
69502042
715775683
221938412
768164798
100135343
688404229
169951336
982332782
929207705
409170951
272764184
394649009
329270399
311025527
123749140
556388688
63087513
880416340
965576471
352029974
472020499
35703476
777388725
845146111
583890773
32508950
931342109
407579811
30302886
174693145
599796928
551844665
527903248
316983665
580788024
549668303
262144085
212888393
730512458
351797303
623804836
886441055
988193137
379629777
917544408
781657688
582867598
10056559
35036966
505606068
608702037
661746672
908914343
37160335
94386528
511405639
482473470
648593009
834904379
4668652
558520433
635996357
511289188
242738949
490797257
639953001
797679721
201966089
954804946
78641873
337862599
45124515
700126231
512158876
157447619
282124717
954078063
715023048
535180473
527792578
852484608
291447999
135080310
941501536
197805130
608262771
563475436
168975528
184400426
834920500
351628399
128655101
603059310
278441822
495597051
973050647
924377560
833651382
370982685
343531915
224692163
773386997
595564149
5782273
727473006
917060546
849430338
642066367
825454605
641540248
450943631
371855766
866904548
