5
20 ENGINEERING
95 106 110 104 98 114 123 100 98 88 102 105 111 106 110 143 106 98 104 97
30 37 35 28 17 45 33 18 24 18 30 30 32 33 38 42 40 20 23 25
17 MATHEMATICS
92 110 104 98 114 97 98 88 102 105 106 110 143 96 98 104 94
31 37 35 28 17 45 38 28 24 18 30 30 42 50 27 23 25
22 COMMUNICATIONS
88 115 72 81 103 99 91 88 100 105 106 110 145 96 98 104 94 88 71 95 95 102
31 37 35 28 17 45 38 28 24 18 30 30 42 50 27 23 25 33 14 22 42 40
12 BIOLOGY
88 105 70 78 114 69 99 82 100 115 76 89
31 35 17 38 24 28 30 42 52 37 34 32
34 PSYCHOLOGY
88 105 70 68 114 69 89 82 113 105 76 49 88 105 70 68 110 69 99 82 100 105 76 39 88 105 70 68 114 69 99 82 100 105
31 35 17 38 24 18 20 42 52 37 34 28 31 35 27 38 24 18 30 42 52 27 34 28 31 35 17 38 24 18 30 42 12 37